674	2895894
2893	809960
4188	3538323
4296	3102798
6400	71788
6850	3102798
13337	1726038
16330	3102798
18498	842066
19728	3102798
26851	3102798
30270	2895894
31732	1093684
32242	1093684
32291	1093684
32928	562526
33414	809960
33577	1093684
34324	71788
35820	1093684
39400	71788
39706	641879
44578	809960
44579	809960
44598	809960
44940	809960
49569	477536
49657	1158209
51736	2895894
51774	641879
52050	2895894
53969	71788
55208	3538323
63856	3102798
69311	540950
72384	842066
73637	842066
74245	2895894
78644	1158209
81385	3102798
82449	3538323
83694	3102798
83924	3102798
86099	294275
90581	3102798
93300	842066
93395	294275
93880	842066
99949	1093684
101675	71788
106964	842066
106965	842066
111942	477536
113037	207561
114339	207561
114675	809960
115826	3102798
117066	207561
117355	294275
118650	83229
119626	3538323
120407	1737314
120827	809960
122435	71788
124134	3538323
127028	2864098
127180	1737314
128310	1737314
128327	1737314
128346	1737314
128414	1737314
130241	641879
130804	71788
130919	842066
131275	71788
141770	294275
143513	477536
144541	477536
144542	477536
148385	540950
150005	809960
152149	294275
153527	3538323
154695	1737314
160017	477536
164105	2864098
164255	540950
167272	2864098
172300	809960
180844	71788
182928	562526
183455	207561
184174	562526
186295	809960
187968	2895894
192714	3102798
193429	562526
196089	71788
196344	294275
201063	2864098
209097	2864098
209860	562526
211941	477536
220077	71788
229477	294275
234963	3102798
245001	540950
245843	562526
251475	477536
258269	809960
263751	71788
268201	207561
274566	809960
292096	1726038
293397	1737314
294151	207561
294944	641879
298599	320442
302400	1726038
303666	562526
309693	1093684
310804	562526
315980	641879
316888	207561
320433	320442
330805	1093684
334241	1093684
360852	809960
412283	83229
423823	540950
423851	540950
423958	1726038
424660	540950
424749	540950
425584	540950
426676	842066
426737	207561
428841	540950
444853	842066
447366	71788
454870	1158209
459136	3538323
462540	71788
467173	2895894
467885	809960
468665	207561
470646	477536
470675	477536
475451	2864098
478434	540950
480695	3102798
483264	562526
484469	2895894
488290	562526
489150	1158209
489793	540950
493053	842066
493648	1726038
499616	1093684
500532	562526
508601	562526
509988	1093684
511134	1158209
511975	3538323
513360	1093684
513678	1093684
519171	540950
526008	641879
526705	320442
533619	2895894
536216	71788
542341	320442
543151	1737314
546221	562526
549171	294275
549885	540950
553107	562526
557481	540950
561648	641879
562785	562526
564120	562526
564157	562526
564183	562526
564385	562526
564478	562526
564666	562526
568230	207561
581328	2895894
581638	540950
591158	71788
594941	71788
598128	842066
599495	71788
601415	1737314
601489	1737314
601667	71788
601707	71788
601708	71788
602540	540950
611339	1737314
613097	540950
624523	2864098
631270	1737314
632514	3102798
632531	3102798
632536	3102798
632577	3102798
632648	3102798
635623	71788
637736	320442
641878	641879
653860	71788
666323	562526
673869	842066
688409	71788
691136	294275
698151	562526
699058	3538323
700784	71788
707241	3538323
715847	207561
719127	207561
732246	540950
733620	540950
733632	540950
746250	207561
750320	83229
759024	641879
761114	320442
761223	320442
761261	207561
763677	562526
769761	71788
776006	809960
786525	71788
790969	641879
793287	641879
797800	320442
799075	809960
803445	641879
803473	641879
803622	641879
803682	641879
803803	641879
805447	809960
805674	2864098
817425	1737314
822048	540950
822091	562526
829794	641879
829829	641879
829845	641879
829949	641879
830477	641879
830497	641879
833372	641879
833415	641879
833882	641879
851219	207561
851288	294275
855347	320442
857466	294275
858823	641879
863607	320442
864593	540950
869902	540950
875012	562526
878155	2895894
889049	2895894
889682	1726038
889850	842066
890133	1726038
894336	842066
901276	2864098
920060	3538323
924594	71788
942537	540950
944052	540950
944061	540950
953141	3538323
959663	71788
965325	809960
967662	809960
968087	71788
968528	320442
979119	562526
981389	71788
983361	1158209
985260	2864098
993954	540950
997260	562526
1002473	1158209
1002481	207561
1006720	1093684
1016209	2895894
1017260	1093684
1017358	641879
1034085	641879
1048194	562526
1051085	540950
1051401	562526
1051753	320442
1053282	562526
1055229	207561
1063320	540950
1065489	641879
1065515	641879
1065532	641879
1066320	641879
1072571	207561
1080900	71788
1083872	562526
1083901	562526
1083975	562526
1083986	562526
1084096	562526
1094239	477536
1094569	1726038
1121998	562526
1132345	477536
1148121	562526
1155534	3102798
1160646	562526
1161204	71788
1161747	2895894
1181702	562526
1188794	71788
1189779	809960
1191262	1737314
1195344	540950
1201642	2864098
1206516	562526
1207775	71788
1232926	1093684
1234869	641879
1236651	809960
1238191	809960
1238198	809960
1246478	1093684
1263256	207561
1273617	320442
1275209	477536
1279053	540950
1281019	641879
1281039	641879
1281292	540950
1281516	641879
1289004	71788
1289780	2895894
1292224	207561
1301953	3538323
1305753	71788
1308694	320442
1310128	641879
1311216	641879
1311360	71788
1314925	477536
1318289	2864098
1326911	2864098
1346074	540950
1346080	540950
1348292	71788
1356302	540950
1358841	1726038
1361347	320442
1361381	320442
1364958	71788
1382257	477536
1385318	294275
1394575	540950
1397124	3538323
1415718	320442
1441812	1093684
1450467	207561
1451467	71788
1452065	562526
1452071	562526
1454444	71788
1465389	2895894
1466140	3102798
1466801	1158209
1535665	207561
1538477	2895894
1542283	320442
1556279	2864098
1556956	1158209
1557380	3538323
1576088	3102798
1577211	562526
1578707	71788
1583536	562526
1587345	294275
1596883	540950
1600356	562526
1610480	207561
1630267	2864098
1631578	2864098
1635007	641879
1635259	641879
1635858	562526
1656532	294275
1656843	71788
1660148	641879
1665289	1737314
1668203	294275
1678846	207561
1679404	562526
1683111	71788
1688826	641879
1698787	71788
1705078	1093684
1705384	207561
1726379	842066
1735503	641879
1743655	2895894
1745602	71788
1750755	2864098
1751005	1158209
1758639	207561
1758956	1726038
1760338	3538323
1778985	562526
1779132	1726038
1783776	477536
1807097	3538323
1831094	71788
1836219	2864098
1854382	71788
1871551	1093684
1879999	3538323
1883984	71788
1888624	207561
1891668	71788
1893679	83229
1897873	207561
1905471	562526
1905490	562526
1915257	71788
1915608	320442
1915728	540950
1935260	1093684
1942120	1726038
1947987	71788
1950158	540950
1950448	540950
2000063	320442
2003744	71788
2023615	3538323
2032800	540950
2034615	1093684
2050565	71788
2063018	1158209
2081017	320442
2104418	477536
2105940	2895894
2106945	477536
2136038	2895894
2150866	562526
2170756	3102798
2177389	1737314
2189530	71788
2194555	540950
2205945	71788
2205953	71788
2206840	207561
2215317	71788
2232249	320442
2246277	207561
2246858	477536
2249525	1093684
2249548	1093684
2265025	540950
2298150	320442
2319263	562526
2319268	562526
2333998	3538323
2343788	207561
2346833	1158209
2347054	842066
2363568	2895894
2381056	1737314
2395737	540950
2403524	207561
2414904	83229
2414944	83229
2414951	83229
2416871	83229
2416996	83229
2417006	83229
2417190	83229
2417194	83229
2417704	83229
2422542	809960
2427967	842066
2429924	207561
2434151	83229
2436629	1737314
2454604	83229
2459911	71788
2462528	320442
2474909	83229
2474933	83229
2474938	83229
2474952	83229
2474957	83229
2474966	83229
2477169	540950
2479328	540950
2510765	207561
2514914	71788
2516741	83229
2516747	83229
2519642	477536
2544037	477536
2554822	83229
2560341	477536
2604291	477536
2696446	2864098
2712681	562526
2716573	477536
2743819	71788
2744270	540950
2744291	540950
2782106	2864098
2791649	540950
2794364	540950
2802782	562526
2805851	1158209
2816269	83229
2819971	477536
2819973	477536
2820587	477536
2820731	477536
2828561	477536
2828653	477536
2837305	842066
2847913	1158209
2862617	562526
2871615	2895894
2874992	562526
2883126	71788
2895411	2895894
2895883	2895894
2898483	1726038
2899060	1726038
2902175	2895894
2905172	2895894
2905177	2895894
2908336	477536
2910808	2895894
2913570	2895894
2918260	2895894
2922669	809960
2926489	2895894
2926492	2895894
2928003	2895894
2932017	2895894
2952355	477536
2971153	809960
2998839	641879
3012757	1726038
3043118	71788
3081921	477536
3097535	1093684
3103466	3102798
3111664	1737314
3114521	2864098
3126271	207561
3126328	1726038
3126757	1726038
3126786	1726038
3126841	1726038
3127255	1726038
3127280	1726038
3127474	1726038
3128676	71788
3128706	1726038
3129054	71788
3129093	71788
3129104	71788
3129468	1726038
3129499	1726038
3130138	1726038
3139496	71788
3154752	540950
3174695	1093684
3174944	207561
3183543	1737314
3189348	809960
3194551	1093684
3204195	1093684
3205384	3538323
3206236	1093684
3227226	1726038
3254951	562526
3275598	71788
3292625	1093684
3300456	1726038
3305573	1726038
3332807	1726038
3368073	1093684
3389298	1726038
3453932	320442
3465182	540950
3466009	540950
3466498	540950
3466712	540950
3470573	540950
3492984	3538323
3541505	2864098
3547675	3538323
3552187	842066
3576202	71788
3576350	71788
3581372	207561
3598060	809960
3601917	809960
3608993	207561
3615644	809960
3626278	809960
3647139	320442
3656383	294275
3666816	71788
3668949	641879
3695828	71788
3705578	540950
3720272	2864098
3754763	83229
3756011	562526
3766406	562526
3767036	1158209
3823399	562526
3825098	207561
3833096	1737314
3859498	477536
3874156	1726038
3913976	320442
3926034	477536
3928207	477536
3970382	842066
4022728	207561
4027115	294275
4061472	809960
4062942	294275
4062966	294275
4063512	1158209
4065386	641879
4066829	71788
4071907	562526
4073021	809960
4074154	207561
4083512	562526
4094260	562526
4147725	294275
4148499	294275
4149802	477536
4169815	477536
4174834	809960
4191344	562526
4196736	294275
4211169	294275
4216297	71788
4217272	71788
4225882	562526
4244918	83229
4251354	641879
4269769	207561
4408770	2864098
4440637	641879
4441143	641879
4459794	562526
4491899	1726038
4505962	562526
4509350	562526
4509400	562526
4511794	562526
4513645	207561
4555381	809960
4560030	3854530
4561325	83229
4623491	562526
4648508	562526
4649522	562526
4651111	1158209
4680695	562526
4684847	71788
4692910	562526
4693598	320442
4700856	71788
4713199	207561
4729204	3854530
4730880	562526
4736062	207561
4760152	562526
4771012	3854530
4778105	71788
4780890	540950
4790638	1158209
4797544	562526
4834143	71788
4846777	1737314
4852076	1158209
4889792	562526
4903379	3854530
4906239	809960
4911076	3854530
4929916	71788
4935841	3854530
4959470	3854530
4961344	3854530
4961634	3854530
4961678	3854530
4961935	3854530
4963055	3854530
4963765	3854530
4964477	3854530
4964492	3854530
4964505	3854530
4964528	3854530
4966722	842066
4973591	3854530
4978906	3854530
4981317	3854530
4990354	1158209
4990754	83229
4996700	1093684
5016970	83229
5048650	207561
5064675	562526
5082317	3854530
5086890	3854530
5088280	3854530
5090955	3854530
5094944	3854530
5094952	3854530
5095249	3854530
5095644	3854530
5095668	3854530
5095786	3854530
5096241	3854530
5105172	3854530
5106632	3854530
5110670	3854530
5111806	207561
5112204	3854530
5112942	3854530
5113261	3854530
5113274	3854530
5114781	3854530
5116296	3854530
5118441	207561
5120181	3854530
5125076	3854530
5134900	3854530
5138555	3854530
5138623	3854530
5139074	3854530
5142532	3854530
5147560	207561
5162032	1093684
5163683	1093684
5165181	207561
5167624	3854530