41699	5046178
65566	3889979
83569	3547238
84469	1698632
98687	5046178
143351	139508
164904	3752700
179362	4721243
183935	4721243
199114	1698632
296512	4721243
384483	3752700
416127	3752700
443877	139508
484519	5046178
516793	842670
516798	842670
517281	842670
517314	842670
517709	842670
517713	842670
518491	842670
523026	4721243
538596	3889979
559302	5046178
606745	5046178
718479	3547238
789068	139508
808375	3752700
830047	842670
858898	4721243
933872	4721243
972838	1698632
986781	3752700
1012685	139508
1039320	139508
1047298	3752700
1070500	1698632
1082431	842670
1218620	1698632
1315622	3547238
1365162	139508
1504055	4721243
1508048	3547238
1562132	3547238
1579661	4721243
1594762	5046178
1605406	139508
1611742	3547238
1836285	3565288
1839906	3941982
1843647	3565288
1852234	3752700
1913192	842670
1956605	3547238
1965297	3889979
1997802	3547238
2018162	3941982
2047198	3889979
2068886	1698632
2076866	3941982
2137813	3547238
2158771	3752700
2277857	1698632
2400779	139508
2428382	5046178
2448537	5046178
2492440	5046178
2666184	5046178
2703228	3565288
2706866	3565288
2707281	3565288
2709408	3565288
2709565	3565288
2710017	3565288
2721143	3941982
2721146	3941982
2721175	3941982
2721183	3941982
2721185	3941982
2721199	3941982
2726962	139508
2739085	3752700
2785421	3547238
2785733	1698632
2817618	4721243
2870472	3889979
2946023	4721243
2986874	3889979
3032211	3565288
3062235	3889979
3181207	3889979
3475102	3752700
3512435	3565288
3531777	1698632
3532215	1698632
3875927	3889979
3945479	3941982
4438061	139508
4867883	3889979